2.500000000000000000e-01
7.500000000000000000e-01
1.250000000000000000e+00
1.750000000000000000e+00
2.250000000000000000e+00
2.750000000000000000e+00
3.250000000000000000e+00
3.750000000000000000e+00
4.250000000000000000e+00
4.750000000000000000e+00
5.250000000000000000e+00
5.750000000000000000e+00
6.250000000000000000e+00
6.750000000000000000e+00
7.250000000000000000e+00
7.750000000000000000e+00
8.250000000000000000e+00
8.750000000000000000e+00
9.250000000000000000e+00
9.750000000000000000e+00
1.025000000000000000e+01
1.075000000000000000e+01
1.125000000000000000e+01
1.175000000000000000e+01
1.225000000000000000e+01
1.275000000000000000e+01
1.325000000000000000e+01
1.375000000000000000e+01
1.425000000000000000e+01
1.475000000000000000e+01
1.525000000000000000e+01
1.575000000000000000e+01
1.625000000000000000e+01
1.675000000000000000e+01
1.725000000000000000e+01
1.775000000000000000e+01
1.825000000000000000e+01
1.875000000000000000e+01
1.925000000000000000e+01
1.975000000000000000e+01
2.025000000000000000e+01
2.075000000000000000e+01
2.125000000000000000e+01
2.175000000000000000e+01
2.225000000000000000e+01
2.275000000000000000e+01
2.325000000000000000e+01
2.375000000000000000e+01
2.425000000000000000e+01
2.475000000000000000e+01
2.525000000000000000e+01
2.575000000000000000e+01
2.625000000000000000e+01
2.675000000000000000e+01
2.725000000000000000e+01
2.775000000000000000e+01
2.825000000000000000e+01
2.875000000000000000e+01
2.925000000000000000e+01
2.975000000000000000e+01
3.025000000000000000e+01
3.075000000000000000e+01
3.125000000000000000e+01
3.175000000000000000e+01
3.225000000000000000e+01
3.275000000000000000e+01
3.325000000000000000e+01
3.375000000000000000e+01
3.425000000000000000e+01
3.475000000000000000e+01
3.525000000000000000e+01
3.575000000000000000e+01
3.625000000000000000e+01
3.675000000000000000e+01
3.725000000000000000e+01
3.775000000000000000e+01
3.825000000000000000e+01
3.875000000000000000e+01
3.925000000000000000e+01
3.975000000000000000e+01
4.025000000000000000e+01
4.075000000000000000e+01
4.125000000000000000e+01
4.175000000000000000e+01
4.225000000000000000e+01
4.275000000000000000e+01
4.325000000000000000e+01
4.375000000000000000e+01
4.425000000000000000e+01
4.475000000000000000e+01
4.525000000000000000e+01
4.575000000000000000e+01
4.625000000000000000e+01
4.675000000000000000e+01
4.725000000000000000e+01
4.775000000000000000e+01
4.825000000000000000e+01
4.875000000000000000e+01
4.925000000000000000e+01
4.975000000000000000e+01
5.025000000000000000e+01
5.075000000000000000e+01
5.125000000000000000e+01
5.175000000000000000e+01
5.225000000000000000e+01
5.275000000000000000e+01
5.325000000000000000e+01
5.375000000000000000e+01
5.425000000000000000e+01
5.475000000000000000e+01
5.525000000000000000e+01
5.575000000000000000e+01
5.625000000000000000e+01
5.675000000000000000e+01
5.725000000000000000e+01
5.775000000000000000e+01
5.825000000000000000e+01
5.875000000000000000e+01
5.925000000000000000e+01
5.975000000000000000e+01
6.025000000000000000e+01
6.075000000000000000e+01
6.125000000000000000e+01
6.175000000000000000e+01
6.225000000000000000e+01
6.275000000000000000e+01
6.325000000000000000e+01
6.375000000000000000e+01
6.425000000000000000e+01
6.475000000000000000e+01
6.525000000000000000e+01
6.575000000000000000e+01
6.625000000000000000e+01
6.675000000000000000e+01
6.725000000000000000e+01
6.775000000000000000e+01
6.825000000000000000e+01
6.875000000000000000e+01
6.925000000000000000e+01
6.975000000000000000e+01
7.025000000000000000e+01
7.075000000000000000e+01
7.125000000000000000e+01
